1496090909
1823823916
1943966535
2107831156
889509682
1836547943
2196351476
1521200380
1090246905
390430424
114063684
720447388
1611374542
148949909
1235072001
2247070850
837055972
1656608558
1021549824
1047089379
873248825
2177788788
1137387348
1968359941
633682843
190729423
1828977410
2098736171
1899848339
1895650999
275489412
1626814181
1177011609
614239084
1213391471
1261958122
1994161117
1568624596
2279585669
1807472671
2277957566
2257773066
51676043
2197835395
190451952
849529034
1909591187
1865756465
1883536091
1618704435
1633639302
572632115
194054856
859623181
853347658
2287646267
869542346
578879527
272711523
2161366065
我是修改的内容
